           à          á          â          ã          ä          å          æ          ç          è          é          ê          ë          ì          í          î          ï          ð          ñ          ò          ó          ô          õ          ö          ÷          ø          ù          û          ü          ý          þ          ÿ  


à   0.000292   0.001569   0.006933   0.001587   0.003126   0.001777   0.001512   0.004951   0.001612   0.000777   0.006482   0.010556   0.003964   0.007649   0.001479   0.003226   0.003818   0.006520   0.006606   0.000608   0.000684   0.001305   0.000134   0.001367   0.001670   0.000305   0.000000   0.000000   0.000367   0.000899   0.000000  


á   0.001120   0.000011   0.000104   0.000013   0.000029   0.002420   0.000011   0.000012   0.000908   0.000000   0.000266   0.000882   0.000059   0.000333   0.002698   0.000008   0.001311   0.000092   0.000009   0.001212   0.000000   0.000107   0.000002   0.000019   0.000003   0.000265   0.004403   0.000176   0.000047   0.000005   0.000000  


â   0.006590   0.000253   0.000576   0.000477   0.000734   0.005253   0.000059   0.000672   0.004986   0.000000   0.000801   0.001368   0.001598   0.001942   0.009196   0.001045   0.001398   0.004321   0.000754   0.001115   0.000032   0.000091   0.000046   0.000209   0.001263   0.000006   0.002922   0.000214   0.000300   0.000006   0.000000  


ã   0.001093   0.000094   0.000296   0.000079   0.001271   0.000682   0.000015   0.000057   0.000906   0.000000   0.000180   0.001907   0.000044   0.000495   0.010220   0.000245   0.001372   0.000344   0.000059   0.000748   0.000009   0.000009   0.000006   0.000144   0.000015   0.000000   0.000001   0.000001   0.000034   0.000003   0.000000  


ä   0.004963   0.000072   0.001163   0.001147   0.000072   0.005046   0.000019   0.000049   0.002999   0.000000   0.000285   0.000853   0.000147   0.002037   0.004210   0.000247   0.001697   0.000612   0.000292   0.001848   0.000019   0.000046   0.000146   0.000059   0.000149   0.000001   0.000528   0.000626   0.000024   0.000009   0.000000  


å   0.000237   0.002424   0.003874   0.004657   0.004010   0.002299   0.001424   0.002101   0.001539   0.002371   0.002316   0.007900   0.005664   0.010660   0.002055   0.003141   0.008597   0.007846   0.005281   0.000630   0.000094   0.001278   0.000319   0.001682   0.000886   0.000654   0.000000   0.000000   0.000307   0.000380   0.000000  


æ   0.001555   0.000089   0.000019   0.000020   0.000832   0.004205   0.000020   0.000003   0.001564   0.000000   0.000109   0.000011   0.000022   0.001026   0.000076   0.000016   0.000004   0.000044   0.000022   0.000181   0.000000   0.000001   0.000000   0.000050   0.000000   0.000000   0.000000   0.000039   0.000013   0.000046   0.000000  


ç   0.005781   0.000270   0.001041   0.000553   0.001976   0.000271   0.000194   0.000127   0.000439   0.000000   0.000298   0.000263   0.000380   0.001899   0.000831   0.000218   0.000296   0.000462   0.000089   0.000339   0.000007   0.000006   0.000008   0.000043   0.000013   0.000001   0.000611   0.000113   0.000046   0.000003   0.000000  


è   0.000335   0.001443   0.005215   0.001273   0.002746   0.003934   0.000643   0.003878   0.002918   0.001709   0.003502   0.005938   0.004069   0.005731   0.001859   0.002557   0.001232   0.005861   0.004721   0.000518   0.000181   0.002257   0.001449   0.002098   0.000510   0.000168   0.000000   0.000000   0.000257   0.000442   0.000000  


é   0.000184   0.000345   0.000853   0.000333   0.000715   0.000131   0.000151   0.000161   0.000656   0.000003   0.000682   0.000262   0.000415   0.001104   0.000576   0.000869   0.000355   0.001773   0.000550   0.000190   0.000084   0.000069   0.000064   0.000342   0.000194   0.000003   0.000000   0.000000   0.000064   0.000006   0.000000  


ê   0.009738   0.000431   0.000761   0.000144   0.000196   0.000738   0.000207   0.000082   0.003359   0.000000   0.000329   0.000484   0.000171   0.002204   0.009885   0.000365   0.001759   0.000668   0.000758   0.001748   0.000023   0.000043   0.000020   0.000142   0.000021   0.000001   0.000000   0.000001   0.000093   0.000005   0.000000  


ë   0.007785   0.000303   0.000764   0.000378   0.000618   0.005558   0.000444   0.000138   0.007420   0.000002   0.001300   0.000187   0.000135   0.001003   0.007955   0.000932   0.000235   0.002033   0.000330   0.001506   0.000046   0.000044   0.000011   0.000583   0.000054   0.000006   0.001169   0.004089   0.000112   0.001205   0.000000  


ì   0.003403   0.000330   0.000818   0.000375   0.000415   0.004382   0.000114   0.000169   0.004359   0.000001   0.000643   0.000293   0.000270   0.001841   0.004552   0.001079   0.000253   0.001067   0.000324   0.002971   0.000062   0.000069   0.000042   0.000513   0.000062   0.000004   0.000912   0.000034   0.000069   0.000040   0.000000  


í   0.011950   0.000322   0.000584   0.000283   0.001803   0.010148   0.000048   0.000187   0.009749   0.000000   0.000453   0.000052   0.000123   0.003580   0.010609   0.000618   0.000183   0.001199   0.000741   0.002575   0.000031   0.000065   0.000835   0.000339   0.000042   0.000114   0.003951   0.001184   0.000054   0.000169   0.000000  


î   0.000213   0.005014   0.012553   0.006410   0.006722   0.003420   0.002449   0.001729   0.002488   0.003990   0.004418   0.008603   0.006817   0.010144   0.002448   0.003858   0.008236   0.011044   0.009177   0.000643   0.000535   0.000818   0.000125   0.002945   0.001403   0.000161   0.000000   0.000000   0.000409   0.000961   0.000000  


ï   0.001384   0.000001   0.000003   0.000006   0.000002   0.002881   0.000000   0.000000   0.000899   0.000000   0.000076   0.000801   0.000002   0.000085   0.009790   0.000073   0.006935   0.000016   0.000051   0.000744   0.000019   0.000000   0.000015   0.000093   0.000006   0.000001   0.000300   0.000982   0.000003   0.000000   0.000000  


ð   0.010115   0.000247   0.001016   0.000412   0.000480   0.007639   0.000372   0.000085   0.006316   0.000000   0.000329   0.000124   0.000420   0.000863   0.009464   0.000287   0.000059   0.001716   0.000722   0.003416   0.000043   0.000124   0.000087   0.000104   0.000339   0.000052   0.001800   0.001232   0.000022   0.000144   0.000000  


ñ   0.001690   0.000197   0.002183   0.000148   0.000502   0.004182   0.000115   0.000099   0.001720   0.000000   0.006078   0.003186   0.001163   0.001276   0.003479   0.002225   0.000428   0.001344   0.017086   0.001006   0.000038   0.000204   0.000041   0.000401   0.000117   0.000000   0.000407   0.002585   0.000049   0.000151   0.000000  


ò   0.006463   0.000331   0.003696   0.000158   0.000467   0.004974   0.000112   0.000131   0.004419   0.000000   0.000790   0.000342   0.000216   0.001439   0.018123   0.000507   0.006003   0.001690   0.000418   0.001830   0.000034   0.000049   0.000144   0.000403   0.000017   0.000016   0.001561   0.005657   0.000125   0.000048   0.000000  


ó   0.000143   0.000861   0.001587   0.001523   0.002313   0.000347   0.001549   0.001221   0.000672   0.000069   0.001415   0.001594   0.001424   0.001111   0.000407   0.001380   0.000929   0.002272   0.001936   0.000125   0.000046   0.000423   0.000019   0.001349   0.000892   0.000319   0.000000   0.000000   0.000101   0.001152   0.000000  


ô   0.000157   0.000012   0.000026   0.000006   0.000004   0.000170   0.000001   0.000006   0.000690   0.000000   0.000013   0.000084   0.000008   0.000014   0.000102   0.000019   0.000678   0.000037   0.000020   0.000105   0.000004   0.000000   0.000000   0.000001   0.000002   0.000000   0.000008   0.000003   0.000000   0.000002   0.000000  


õ   0.001014   0.000150   0.000494   0.000132   0.000204   0.000102   0.000046   0.000074   0.000491   0.000000   0.000215   0.000280   0.000183   0.000399   0.002638   0.000440   0.000240   0.000522   0.000154   0.000240   0.000028   0.000019   0.000009   0.000072   0.000029   0.000001   0.000000   0.000000   0.000042   0.000000   0.000000  


ö   0.000629   0.000010   0.000052   0.000019   0.000007   0.001029   0.000000   0.000003   0.000293   0.000000   0.000168   0.000006   0.000009   0.000029   0.000452   0.000029   0.000006   0.000037   0.000012   0.000674   0.000001   0.000002   0.000000   0.000005   0.000000   0.000000   0.000177   0.000000   0.000006   0.000000   0.000000  


÷   0.002543   0.000013   0.000035   0.000159   0.000007   0.003614   0.000001   0.000003   0.001660   0.000000   0.000266   0.000040   0.000013   0.000620   0.000087   0.000025   0.000040   0.000026   0.003802   0.000705   0.000000   0.000002   0.000000   0.000003   0.000108   0.000000   0.000000   0.000205   0.000003   0.000000   0.000000  


ø   0.001633   0.000009   0.000026   0.000001   0.000006   0.002649   0.000000   0.000002   0.002244   0.000000   0.000401   0.000487   0.000024   0.000442   0.000319   0.000061   0.000007   0.000006   0.000123   0.000350   0.000000   0.000000   0.000003   0.000002   0.000001   0.000000   0.000000   0.000303   0.000002   0.000001   0.000000  


ù   0.000415   0.000000   0.000001   0.000000   0.000000   0.001427   0.000000   0.000000   0.000818   0.000000   0.000002   0.000000   0.000000   0.000026   0.000000   0.000000   0.000003   0.000001   0.000000   0.000103   0.000000   0.000000   0.000000   0.000000   0.000000   0.000000   0.000000   0.000011   0.000000   0.000000   0.000000  


û   0.000052   0.000666   0.001845   0.000216   0.000336   0.001423   0.000062   0.000214   0.000497   0.001636   0.000482   0.002886   0.001920   0.000895   0.000324   0.000644   0.000466   0.001437   0.001016   0.000087   0.000028   0.001323   0.000012   0.000294   0.000592   0.000006   0.000000   0.000000   0.000062   0.000000   0.000000  


ü   0.000847   0.000556   0.001573   0.000318   0.000519   0.002268   0.000076   0.000484   0.001075   0.000000   0.002123   0.000171   0.000688   0.002501   0.000889   0.001173   0.000265   0.002451   0.000623   0.000254   0.000052   0.000084   0.000123   0.000504   0.000567   0.000011   0.000000   0.000000   0.000210   0.000611   0.000000  


ý   0.000000   0.000000   0.000003   0.000004   0.000007   0.000000   0.000000   0.000001   0.000000   0.000016   0.000060   0.000106   0.000003   0.000036   0.000000   0.000031   0.000018   0.000056   0.002504   0.000000   0.000000   0.000004   0.000001   0.000001   0.000000   0.000000   0.000000   0.000000   0.000000   0.000000   0.000000  


þ   0.000169   0.000605   0.000356   0.000146   0.000706   0.000085   0.000097   0.000092   0.000366   0.000000   0.000263   0.000135   0.000164   0.000339   0.000257   0.000329   0.000227   0.000472   0.000607   0.000123   0.000026   0.000025   0.000051   0.000264   0.000164   0.000505   0.000000   0.000000   0.000047   0.000041   0.000000  


ÿ   0.000163   0.000501   0.001611   0.000527   0.001243   0.000454   0.000698   0.001579   0.000955   0.000045   0.001035   0.001163   0.000779   0.002146   0.000813   0.001094   0.000328   0.002126   0.002148   0.000250   0.000061   0.000296   0.000069   0.000462   0.000061   0.000265   0.000000   0.000000   0.000156   0.000139   0.000000  




Entropy = 8.214594
