           à          á          â          ã          ä          å          æ          ç          è          é          ê          ë          ì          í          î          ï          ð          ñ          ò          ó          ô          õ          ö          ÷          ø          ù          û          ü          ý          þ          ÿ  


à   0.000283   0.001501   0.006942   0.001484   0.002992   0.001723   0.001524   0.004951   0.001557   0.000755   0.006017   0.010353   0.003931   0.007897   0.001447   0.003035   0.003994   0.006178   0.006445   0.000567   0.000707   0.001232   0.000137   0.001372   0.001562   0.000289   0.000000   0.000000   0.000334   0.000867   0.000000  


á   0.001153   0.000016   0.000108   0.000013   0.000028   0.002479   0.000008   0.000011   0.000889   0.000000   0.000249   0.000901   0.000049   0.000330   0.002703   0.000007   0.001318   0.000097   0.000009   0.001231   0.000000   0.000110   0.000003   0.000024   0.000004   0.000234   0.004427   0.000166   0.000041   0.000004   0.000000  


â   0.006737   0.000275   0.000596   0.000502   0.000757   0.005283   0.000060   0.000716   0.005034   0.000000   0.000851   0.001410   0.001557   0.001929   0.009316   0.001126   0.001437   0.004609   0.000823   0.001089   0.000034   0.000088   0.000042   0.000231   0.001411   0.000009   0.002952   0.000198   0.000304   0.000004   0.000000  


ã   0.001105   0.000081   0.000293   0.000086   0.001264   0.000716   0.000017   0.000064   0.001002   0.000000   0.000201   0.001992   0.000047   0.000481   0.010479   0.000261   0.001428   0.000331   0.000063   0.000789   0.000011   0.000009   0.000005   0.000168   0.000012   0.000000   0.000000   0.000001   0.000031   0.000003   0.000000  


ä   0.004996   0.000081   0.001205   0.001120   0.000076   0.005190   0.000024   0.000050   0.002984   0.000000   0.000318   0.000930   0.000184   0.002056   0.004341   0.000238   0.002259   0.000611   0.000280   0.001915   0.000022   0.000051   0.000140   0.000070   0.000149   0.000000   0.000700   0.000645   0.000026   0.000050   0.000000  


å   0.000217   0.002289   0.003777   0.004472   0.003995   0.002269   0.001414   0.002056   0.001557   0.002766   0.002256   0.007325   0.005633   0.010537   0.001992   0.003084   0.008305   0.007624   0.005259   0.000610   0.000094   0.001254   0.000304   0.001663   0.000859   0.000690   0.000000   0.000000   0.000321   0.000445   0.000000  


æ   0.001564   0.000079   0.000022   0.000019   0.000872   0.004289   0.000023   0.000008   0.001572   0.000000   0.000105   0.000008   0.000022   0.001377   0.000071   0.000013   0.000005   0.000042   0.000019   0.000180   0.000000   0.000001   0.000000   0.000047   0.000000   0.000000   0.000000   0.000048   0.000012   0.000044   0.000000  


ç   0.005934   0.000238   0.001032   0.000523   0.001998   0.000311   0.000193   0.000118   0.000459   0.000000   0.000281   0.000267   0.000387   0.001998   0.000850   0.000210   0.000290   0.000440   0.000089   0.000347   0.000007   0.000006   0.000008   0.000040   0.000023   0.000001   0.000655   0.000745   0.000042   0.000078   0.000000  


è   0.000343   0.001454   0.005259   0.001265   0.002746   0.003833   0.000643   0.003945   0.002783   0.001603   0.003468   0.005668   0.004063   0.005766   0.001908   0.002615   0.001268   0.005677   0.004718   0.000533   0.000177   0.002220   0.001413   0.002085   0.000532   0.000169   0.000000   0.000001   0.000257   0.000432   0.000000  


é   0.000188   0.000336   0.000789   0.000339   0.000695   0.000119   0.000135   0.000159   0.000629   0.000002   0.000675   0.000239   0.000401   0.001078   0.000538   0.000811   0.000359   0.001750   0.000536   0.000176   0.000078   0.000069   0.000065   0.000322   0.000194   0.000003   0.000000   0.000000   0.000067   0.000004   0.000000  


ê   0.009665   0.000463   0.000800   0.000155   0.000247   0.000718   0.000217   0.000099   0.003358   0.000000   0.000380   0.000501   0.000196   0.002338   0.010090   0.000397   0.001853   0.000709   0.000794   0.001790   0.000025   0.000041   0.000025   0.000158   0.000031   0.000002   0.000000   0.000001   0.000104   0.000008   0.000000  


ë   0.007915   0.000308   0.000834   0.000387   0.000639   0.005476   0.000463   0.000154   0.007695   0.000001   0.001305   0.000192   0.000140   0.001071   0.008161   0.000983   0.000245   0.002286   0.000354   0.001517   0.000048   0.000039   0.000011   0.000606   0.000053   0.000006   0.001164   0.004244   0.000118   0.001235   0.000000  


ì   0.003344   0.000350   0.000827   0.000387   0.000403   0.004493   0.000129   0.000172   0.004576   0.000000   0.000649   0.000300   0.000266   0.001877   0.004674   0.001064   0.000253   0.001101   0.000323   0.002894   0.000061   0.000072   0.000041   0.000504   0.000067   0.000008   0.000933   0.000037   0.000078   0.000037   0.000000  


í   0.012319   0.000327   0.000562   0.000282   0.001274   0.010397   0.000054   0.000179   0.009726   0.000000   0.000451   0.000046   0.000118   0.003713   0.010416   0.000585   0.000186   0.001209   0.000710   0.002731   0.000031   0.000057   0.000828   0.000350   0.000042   0.000132   0.003778   0.001160   0.000048   0.000161   0.000000  


î   0.000210   0.005222   0.012358   0.006115   0.006548   0.003404   0.002400   0.001656   0.002480   0.003931   0.004376   0.008301   0.006584   0.010075   0.002382   0.003803   0.007912   0.010760   0.009181   0.000631   0.000514   0.000809   0.000125   0.002750   0.001345   0.000166   0.000000   0.000000   0.000386   0.000963   0.000000  


ï   0.001393   0.000001   0.000003   0.000006   0.000001   0.002957   0.000000   0.000000   0.000915   0.000000   0.000082   0.000843   0.000001   0.000083   0.010185   0.000060   0.007278   0.000013   0.000050   0.000764   0.000023   0.000000   0.000015   0.000099   0.000006   0.000002   0.000294   0.001006   0.000002   0.000000   0.000000  


ð   0.010007   0.000251   0.000978   0.000408   0.000448   0.007065   0.000382   0.000080   0.006114   0.000000   0.000371   0.000119   0.000397   0.000900   0.009224   0.000280   0.000060   0.001805   0.000733   0.003352   0.000038   0.000125   0.000098   0.000111   0.000337   0.000056   0.001791   0.001082   0.000022   0.000157   0.000000  


ñ   0.001744   0.000198   0.002320   0.000159   0.000527   0.004048   0.000125   0.000105   0.001798   0.000000   0.006125   0.003310   0.001196   0.001458   0.003575   0.002263   0.000477   0.001425   0.017209   0.001045   0.000048   0.000207   0.000041   0.000422   0.000118   0.000001   0.000419   0.003303   0.000059   0.000134   0.000000  


ò   0.006461   0.000321   0.003639   0.000158   0.000462   0.005339   0.000112   0.000125   0.004418   0.000000   0.000759   0.000360   0.000206   0.001623   0.017774   0.000520   0.005893   0.001613   0.000413   0.001802   0.000035   0.000051   0.000136   0.000407   0.000016   0.000018   0.001606   0.006196   0.000122   0.000056   0.000000  


ó   0.000148   0.000890   0.001580   0.001586   0.002261   0.000352   0.001545   0.001182   0.000664   0.000078   0.001425   0.001498   0.001370   0.001084   0.000423   0.001391   0.000894   0.002242   0.001847   0.000123   0.000047   0.000422   0.000020   0.001318   0.000842   0.000311   0.000000   0.000000   0.000102   0.001127   0.000000  


ô   0.000174   0.000009   0.000022   0.000004   0.000003   0.000165   0.000001   0.000005   0.000688   0.000000   0.000012   0.000081   0.000007   0.000015   0.000105   0.000020   0.000695   0.000036   0.000023   0.000096   0.000004   0.000001   0.000000   0.000002   0.000002   0.000000   0.000012   0.000003   0.000000   0.000002   0.000000  


õ   0.000999   0.000158   0.000530   0.000149   0.000212   0.000102   0.000048   0.000083   0.000525   0.000000   0.000234   0.000293   0.000201   0.000421   0.002750   0.000450   0.000242   0.000544   0.000161   0.000235   0.000027   0.000017   0.000012   0.000076   0.000028   0.000001   0.000000   0.000003   0.000039   0.000000   0.000000  


ö   0.000648   0.000010   0.000053   0.000019   0.000009   0.001055   0.000001   0.000005   0.000307   0.000000   0.000163   0.000006   0.000011   0.000028   0.000445   0.000035   0.000007   0.000036   0.000015   0.000675   0.000001   0.000001   0.000000   0.000005   0.000001   0.000000   0.000171   0.000000   0.000004   0.000000   0.000000  


÷   0.002488   0.000011   0.000041   0.000152   0.000008   0.003641   0.000001   0.000003   0.001668   0.000000   0.000278   0.000046   0.000010   0.000622   0.000100   0.000034   0.000042   0.000028   0.004138   0.000703   0.000000   0.000002   0.000000   0.000007   0.000107   0.000000   0.000000   0.000204   0.000002   0.000000   0.000000  


ø   0.001673   0.000010   0.000028   0.000003   0.000006   0.002621   0.000001   0.000002   0.002157   0.000000   0.000460   0.000486   0.000022   0.000435   0.000320   0.000055   0.000007   0.000008   0.000124   0.000347   0.000000   0.000000   0.000002   0.000001   0.000002   0.000000   0.000000   0.000302   0.000003   0.000000   0.000000  


ù   0.000438   0.000000   0.000001   0.000000   0.000000   0.001475   0.000000   0.000000   0.000856   0.000000   0.000001   0.000000   0.000000   0.000035   0.000000   0.000000   0.000004   0.000000   0.000000   0.000104   0.000000   0.000000   0.000000   0.000000   0.000000   0.000000   0.000000   0.000017   0.000000   0.000000   0.000000  


û   0.000054   0.000684   0.001713   0.000211   0.000341   0.001376   0.000064   0.000210   0.000487   0.001633   0.000444   0.002773   0.001942   0.000848   0.000308   0.000619   0.000454   0.001376   0.000981   0.000098   0.000026   0.001261   0.000015   0.000297   0.000576   0.000006   0.000000   0.000000   0.000056   0.000000   0.000000  


ü   0.000473   0.000455   0.001302   0.000284   0.000457   0.002190   0.000071   0.000418   0.001009   0.000001   0.001960   0.000157   0.000632   0.002258   0.000776   0.000984   0.000235   0.002096   0.000553   0.000207   0.000041   0.000082   0.000113   0.000467   0.000568   0.000011   0.000000   0.000000   0.000201   0.000591   0.000000  


ý   0.000000   0.000000   0.000003   0.000006   0.000007   0.000000   0.000000   0.000003   0.000000   0.000013   0.000061   0.000106   0.000006   0.000033   0.000000   0.000034   0.000020   0.000048   0.002642   0.000000   0.000001   0.000007   0.000001   0.000001   0.000000   0.000000   0.000000   0.000000   0.000000   0.000000   0.000000  


þ   0.000121   0.000576   0.000330   0.000140   0.000677   0.000085   0.000091   0.000094   0.000343   0.000000   0.000257   0.000135   0.000166   0.000336   0.000247   0.000322   0.000213   0.000522   0.000662   0.000119   0.000025   0.000028   0.000045   0.000244   0.000121   0.000560   0.000000   0.000000   0.000044   0.000041   0.000000  


ÿ   0.000304   0.000514   0.001680   0.000511   0.001235   0.000475   0.000694   0.001488   0.000973   0.000044   0.001003   0.001145   0.000749   0.002184   0.000815   0.001117   0.000333   0.002078   0.002150   0.000240   0.000063   0.000298   0.000070   0.000482   0.000062   0.000254   0.000000   0.000000   0.000161   0.000139   0.000000  




Entropy = 8.221146
