           à          á          â          ã          ä          å          æ          ç          è          é          ê          ë          ì          í          î          ï          ð          ñ          ò          ó          ô          õ          ö          ÷          ø          ù          û          ü          ý          þ          ÿ  


à   0.000011   0.000884   0.005000   0.001189   0.002651   0.001434   0.001717   0.005659   0.000175   0.000940   0.005863   0.012550   0.003941   0.007246   0.000008   0.001338   0.004340   0.005138   0.006974   0.000196   0.000740   0.001397   0.000108   0.001094   0.001843   0.000352   0.000000   0.000000   0.000001   0.001076   0.000000  


á   0.001422   0.000014   0.000122   0.000014   0.000030   0.003067   0.000009   0.000009   0.001055   0.000000   0.000307   0.001124   0.000058   0.000397   0.003231   0.000000   0.001642   0.000108   0.000009   0.001490   0.000000   0.000137   0.000004   0.000027   0.000005   0.000293   0.005524   0.000207   0.000000   0.000005   0.000000  


â   0.008251   0.000018   0.000047   0.000050   0.000418   0.006363   0.000000   0.000712   0.004595   0.000000   0.000209   0.001550   0.001542   0.001668   0.010985   0.000341   0.000923   0.004395   0.000310   0.001182   0.000000   0.000056   0.000017   0.000056   0.001690   0.000006   0.003683   0.000247   0.000000   0.000003   0.000000  


ã   0.001347   0.000000   0.000057   0.000060   0.001442   0.000858   0.000001   0.000000   0.001059   0.000000   0.000110   0.002464   0.000005   0.000355   0.012885   0.000000   0.001724   0.000122   0.000010   0.000927   0.000000   0.000000   0.000002   0.000034   0.000010   0.000000   0.000000   0.000001   0.000000   0.000004   0.000000  


ä   0.006212   0.000045   0.001355   0.000009   0.000040   0.006445   0.000020   0.000004   0.003587   0.000000   0.000271   0.001141   0.000182   0.002380   0.005332   0.000141   0.002767   0.000568   0.000299   0.002358   0.000008   0.000060   0.000170   0.000046   0.000178   0.000000   0.000874   0.000805   0.000002   0.000061   0.000000  


å   0.000046   0.001581   0.002216   0.004874   0.003797   0.002327   0.001481   0.001805   0.000262   0.003450   0.001591   0.008646   0.005712   0.011183   0.000770   0.001280   0.009709   0.006692   0.005513   0.000104   0.000021   0.001332   0.000339   0.001405   0.000973   0.000857   0.000000   0.000000   0.000000   0.000552   0.000000  


æ   0.001950   0.000087   0.000000   0.000017   0.001073   0.005340   0.000026   0.000000   0.001948   0.000000   0.000116   0.000006   0.000009   0.001682   0.000074   0.000000   0.000004   0.000034   0.000000   0.000221   0.000000   0.000000   0.000000   0.000053   0.000000   0.000000   0.000000   0.000060   0.000000   0.000054   0.000000  


ç   0.007383   0.000245   0.001144   0.000597   0.002394   0.000361   0.000227   0.000105   0.000516   0.000000   0.000178   0.000303   0.000380   0.002347   0.000953   0.000028   0.000299   0.000325   0.000021   0.000396   0.000000   0.000000   0.000005   0.000020   0.000014   0.000000   0.000818   0.000930   0.000000   0.000097   0.000000  


è   0.000129   0.000634   0.003564   0.000737   0.002158   0.004130   0.000562   0.004220   0.001336   0.001997   0.002814   0.006635   0.004267   0.004575   0.000280   0.000280   0.000798   0.004249   0.004673   0.000008   0.000050   0.002585   0.001703   0.001850   0.000493   0.000199   0.000000   0.000000   0.000000   0.000532   0.000000  


é   0.000000   0.000008   0.000000   0.000001   0.000220   0.000005   0.000000   0.000000   0.000000   0.000000   0.000082   0.000114   0.000058   0.000597   0.000017   0.000001   0.000024   0.001029   0.000342   0.000000   0.000002   0.000002   0.000041   0.000081   0.000153   0.000000   0.000000   0.000000   0.000000   0.000000   0.000000  


ê   0.011978   0.000000   0.000521   0.000003   0.000010   0.000796   0.000030   0.000014   0.003787   0.000000   0.000021   0.000556   0.000008   0.002215   0.012095   0.000000   0.002183   0.000271   0.000685   0.002123   0.000000   0.000001   0.000016   0.000026   0.000012   0.000000   0.000000   0.000001   0.000000   0.000008   0.000000  


ë   0.009734   0.000031   0.000008   0.000177   0.000358   0.006255   0.000520   0.000006   0.009009   0.000000   0.000816   0.000147   0.000009   0.000402   0.008999   0.000243   0.000000   0.001720   0.000061   0.001707   0.000010   0.000008   0.000000   0.000274   0.000009   0.000003   0.001452   0.005295   0.000000   0.001540   0.000000  


ì   0.004035   0.000040   0.000001   0.000069   0.000001   0.005435   0.000000   0.000008   0.004757   0.000000   0.000093   0.000158   0.000032   0.001541   0.004995   0.000300   0.000065   0.000169   0.000063   0.003362   0.000009   0.000000   0.000034   0.000032   0.000008   0.000007   0.001164   0.000047   0.000000   0.000044   0.000000  


í   0.015307   0.000019   0.000033   0.000175   0.001358   0.012881   0.000023   0.000019   0.011693   0.000000   0.000302   0.000006   0.000003   0.003959   0.012612   0.000008   0.000093   0.000835   0.000656   0.003187   0.000013   0.000009   0.001027   0.000311   0.000033   0.000163   0.004714   0.001447   0.000001   0.000200   0.000000  


î   0.000009   0.004795   0.011769   0.006862   0.006792   0.003448   0.002478   0.001379   0.001185   0.004904   0.003936   0.009871   0.007232   0.009504   0.000291   0.001852   0.009164   0.010374   0.009888   0.000090   0.000486   0.000799   0.000104   0.001901   0.001571   0.000199   0.000000   0.000000   0.000034   0.001195   0.000000  


ï   0.001737   0.000000   0.000000   0.000005   0.000000   0.003689   0.000000   0.000000   0.001134   0.000000   0.000097   0.001051   0.000000   0.000097   0.012705   0.000071   0.009081   0.000008   0.000061   0.000953   0.000027   0.000000   0.000019   0.000122   0.000007   0.000002   0.000366   0.001255   0.000000   0.000000   0.000000  


ð   0.012421   0.000235   0.000434   0.000466   0.000489   0.008795   0.000466   0.000049   0.007462   0.000000   0.000341   0.000131   0.000448   0.000920   0.011370   0.000094   0.000028   0.000359   0.000856   0.004122   0.000024   0.000141   0.000119   0.000100   0.000409   0.000070   0.002235   0.001350   0.000001   0.000196   0.000000  


ñ   0.002124   0.000076   0.002625   0.000029   0.000433   0.004987   0.000030   0.000040   0.002105   0.000000   0.007343   0.004044   0.001380   0.001296   0.004224   0.002458   0.000456   0.001333   0.021122   0.001138   0.000019   0.000240   0.000038   0.000476   0.000123   0.000000   0.000523   0.004122   0.000000   0.000164   0.000000  


ò   0.007964   0.000039   0.003755   0.000014   0.000229   0.006400   0.000001   0.000008   0.005067   0.000000   0.000594   0.000354   0.000036   0.001382   0.021716   0.000087   0.007212   0.001327   0.000171   0.002119   0.000011   0.000017   0.000157   0.000243   0.000001   0.000019   0.002005   0.007731   0.000002   0.000069   0.000000  


ó   0.000029   0.000833   0.001194   0.001726   0.002434   0.000297   0.001829   0.001297   0.000026   0.000097   0.001127   0.001744   0.001370   0.000399   0.000012   0.000957   0.000909   0.001957   0.001969   0.000005   0.000016   0.000470   0.000011   0.001119   0.001023   0.000383   0.000000   0.000000   0.000028   0.001405   0.000000  


ô   0.000210   0.000000   0.000000   0.000000   0.000000   0.000204   0.000000   0.000000   0.000824   0.000000   0.000006   0.000098   0.000003   0.000000   0.000109   0.000000   0.000842   0.000018   0.000018   0.000115   0.000004   0.000000   0.000000   0.000000   0.000000   0.000000   0.000015   0.000004   0.000000   0.000003   0.000000  


õ   0.001193   0.000000   0.000174   0.000002   0.000001   0.000046   0.000000   0.000000   0.000222   0.000000   0.000000   0.000127   0.000074   0.000151   0.003093   0.000000   0.000148   0.000089   0.000051   0.000165   0.000000   0.000001   0.000000   0.000000   0.000011   0.000000   0.000000   0.000003   0.000000   0.000000   0.000000  


ö   0.000802   0.000000   0.000030   0.000009   0.000001   0.001308   0.000000   0.000000   0.000353   0.000000   0.000181   0.000004   0.000002   0.000008   0.000530   0.000000   0.000000   0.000000   0.000002   0.000840   0.000000   0.000000   0.000000   0.000000   0.000000   0.000000   0.000213   0.000000   0.000000   0.000000   0.000000  


÷   0.003098   0.000000   0.000007   0.000000   0.000000   0.004540   0.000000   0.000000   0.002064   0.000000   0.000334   0.000053   0.000006   0.000756   0.000101   0.000000   0.000030   0.000000   0.005155   0.000870   0.000000   0.000000   0.000000   0.000000   0.000131   0.000000   0.000000   0.000255   0.000000   0.000000   0.000000  


ø   0.002086   0.000000   0.000025   0.000000   0.000000   0.003270   0.000000   0.000000   0.002685   0.000000   0.000566   0.000604   0.000021   0.000532   0.000392   0.000053   0.000003   0.000000   0.000151   0.000432   0.000000   0.000000   0.000002   0.000000   0.000002   0.000000   0.000000   0.000376   0.000001   0.000000   0.000000  


ù   0.000547   0.000000   0.000000   0.000000   0.000000   0.001840   0.000000   0.000000   0.001066   0.000000   0.000000   0.000000   0.000000   0.000043   0.000000   0.000000   0.000003   0.000000   0.000000   0.000130   0.000000   0.000000   0.000000   0.000000   0.000000   0.000000   0.000000   0.000021   0.000000   0.000000   0.000000  


û   0.000000   0.000530   0.001560   0.000119   0.000148   0.001583   0.000028   0.000080   0.000023   0.002036   0.000258   0.003389   0.002149   0.000366   0.000000   0.000154   0.000421   0.001123   0.000973   0.000006   0.000000   0.001522   0.000009   0.000246   0.000695   0.000004   0.000000   0.000000   0.000000   0.000000   0.000000  


ü   0.000008   0.000139   0.000011   0.000045   0.000064   0.002124   0.000000   0.000191   0.000201   0.000000   0.001549   0.000000   0.000428   0.001552   0.000047   0.000001   0.000000   0.001188   0.000108   0.000000   0.000004   0.000001   0.000124   0.000079   0.000664   0.000012   0.000000   0.000000   0.000000   0.000735   0.000000  


ý   0.000000   0.000000   0.000000   0.000007   0.000005   0.000000   0.000000   0.000004   0.000000   0.000016   0.000075   0.000132   0.000007   0.000041   0.000000   0.000041   0.000026   0.000059   0.003296   0.000000   0.000002   0.000009   0.000000   0.000000   0.000000   0.000000   0.000000   0.000000   0.000000   0.000000   0.000000  


þ   0.000001   0.000588   0.000000   0.000003   0.000620   0.000001   0.000009   0.000032   0.000000   0.000000   0.000016   0.000080   0.000027   0.000053   0.000000   0.000003   0.000080   0.000165   0.000647   0.000000   0.000000   0.000009   0.000034   0.000109   0.000118   0.000695   0.000000   0.000000   0.000000   0.000049   0.000000  


ÿ   0.000000   0.000056   0.000338   0.000199   0.000848   0.000161   0.000724   0.001452   0.000020   0.000052   0.000167   0.001232   0.000521   0.000839   0.000000   0.000032   0.000031   0.000913   0.001998   0.000000   0.000000   0.000290   0.000054   0.000189   0.000020   0.000296   0.000000   0.000000   0.000000   0.000170   0.000000  








Entropy = 7.848495
