           à          á          â          ã          ä          å          æ          ç          è          é          ê          ë          ì          í          î          ï          ð          ñ          ò          ó          ô          õ          ö          ÷          ø          ù          û          ü          ý          þ          ÿ  


à   0.000012   0.001345   0.005367   0.001857   0.004535   0.001871   0.002435   0.006769   0.000289   0.001518   0.011494   0.014884   0.006714   0.007539   0.000016   0.002775   0.006270   0.007574   0.008589   0.000232   0.000149   0.002051   0.000140   0.001496   0.003905   0.000626   0.000000   0.000000   0.000003   0.001336   0.000000  


á   0.000980   0.000026   0.000104   0.000025   0.000067   0.001825   0.000020   0.000020   0.000751   0.000000   0.000535   0.000590   0.000124   0.000653   0.001628   0.000000   0.001574   0.000175   0.000021   0.000959   0.000000   0.000298   0.000001   0.000009   0.000005   0.000642   0.001575   0.000399   0.000000   0.000000   0.000000  


â   0.008083   0.000003   0.000004   0.000066   0.000210   0.003956   0.000000   0.000038   0.004938   0.000000   0.000102   0.001850   0.000018   0.001845   0.010139   0.000045   0.000356   0.000780   0.000068   0.001395   0.000000   0.000001   0.000033   0.000003   0.001459   0.000008   0.001733   0.000255   0.000000   0.000000   0.000000  


ã   0.001151   0.000000   0.000016   0.000003   0.000722   0.000246   0.000000   0.000000   0.000991   0.000000   0.000070   0.000877   0.000001   0.000472   0.012072   0.000000   0.000833   0.000052   0.000003   0.000456   0.000000   0.000000   0.000005   0.000002   0.000012   0.000000   0.000002   0.000000   0.000000   0.000003   0.000000  


ä   0.005741   0.000008   0.000388   0.000000   0.000002   0.004135   0.000003   0.000002   0.003945   0.000000   0.000099   0.000423   0.000131   0.003218   0.002226   0.000231   0.001642   0.000823   0.000009   0.001707   0.000000   0.000003   0.000284   0.000023   0.000183   0.000000   0.000607   0.000762   0.000004   0.000004   0.000000  


å   0.000092   0.003068   0.003001   0.004571   0.003875   0.002276   0.001715   0.002682   0.000394   0.004271   0.002695   0.014399   0.006586   0.014438   0.001586   0.002411   0.014247   0.008447   0.007988   0.000223   0.000024   0.001322   0.000398   0.002089   0.001279   0.000444   0.000000   0.000000   0.000000   0.000653   0.000000  


æ   0.001516   0.000192   0.000000   0.000003   0.000971   0.003966   0.000006   0.000000   0.001603   0.000000   0.000131   0.000000   0.000001   0.001348   0.000074   0.000000   0.000000   0.000007   0.000000   0.000203   0.000000   0.000000   0.000000   0.000001   0.000000   0.000000   0.000000   0.000014   0.000000   0.000003   0.000000  


ç   0.005727   0.000264   0.000917   0.000644   0.003905   0.000160   0.000193   0.000149   0.000277   0.000000   0.000217   0.000171   0.000361   0.001070   0.000361   0.000060   0.000282   0.000014   0.000027   0.000226   0.000000   0.000000   0.000000   0.000004   0.000013   0.000000   0.000644   0.000068   0.000000   0.000003   0.000000  


è   0.000151   0.000481   0.003508   0.000455   0.002878   0.004585   0.000371   0.001769   0.001898   0.002580   0.003915   0.008930   0.005242   0.004830   0.000170   0.000242   0.001056   0.004996   0.005845   0.000002   0.000092   0.002908   0.002245   0.002263   0.000580   0.000271   0.000000   0.000000   0.000000   0.000698   0.000000  


é   0.000000   0.000006   0.000001   0.000000   0.000109   0.000000   0.000000   0.000001   0.000000   0.000000   0.000046   0.000014   0.000027   0.000557   0.000010   0.000000   0.000004   0.000584   0.000289   0.000000   0.000000   0.000003   0.000034   0.000005   0.000108   0.000000   0.000000   0.000000   0.000000   0.000000   0.000000  


ê   0.008354   0.000001   0.000989   0.000004   0.000023   0.000586   0.000000   0.000032   0.003452   0.000000   0.000036   0.000424   0.000008   0.000743   0.007211   0.000001   0.001039   0.000377   0.000278   0.001283   0.000001   0.000000   0.000027   0.000056   0.000018   0.000000   0.000000   0.000000   0.000000   0.000002   0.000000  


ë   0.010643   0.000027   0.000003   0.000024   0.000009   0.006412   0.000486   0.000006   0.008525   0.000000   0.000267   0.000068   0.000005   0.000100   0.005874   0.000202   0.000000   0.001419   0.000012   0.001981   0.000002   0.000000   0.000000   0.000089   0.000000   0.000000   0.001960   0.003727   0.000001   0.000872   0.000000  


ì   0.001523   0.000044   0.000002   0.000006   0.000002   0.006944   0.000000   0.000000   0.003363   0.000000   0.000125   0.000122   0.000006   0.000234   0.002414   0.000425   0.000035   0.000196   0.000037   0.003347   0.000004   0.000001   0.000006   0.000022   0.000006   0.000013   0.000630   0.000006   0.000001   0.000027   0.000000  


í   0.011754   0.000020   0.000016   0.000338   0.001442   0.004717   0.000016   0.000029   0.011227   0.000000   0.000200   0.000001   0.000001   0.004639   0.011570   0.000017   0.000009   0.001109   0.000613   0.002598   0.000018   0.000002   0.001838   0.000125   0.000014   0.000013   0.005411   0.001469   0.000001   0.000262   0.000000  


î   0.000020   0.002950   0.016254   0.010349   0.009254   0.003812   0.003700   0.002504   0.000517   0.006783   0.007024   0.018016   0.011168   0.005235   0.000555   0.001804   0.015375   0.015789   0.010653   0.000157   0.000273   0.001241   0.000168   0.002602   0.002767   0.000171   0.000000   0.000000   0.000069   0.001403   0.000000  


ï   0.001560   0.000002   0.000000   0.000000   0.000000   0.001543   0.000000   0.000000   0.000844   0.000000   0.000130   0.000367   0.000000   0.000107   0.003076   0.000122   0.002285   0.000013   0.000074   0.000729   0.000004   0.000000   0.000001   0.000181   0.000007   0.000000   0.000235   0.000080   0.000000   0.000000   0.000000  


ð   0.011609   0.000027   0.000124   0.000595   0.000453   0.010091   0.000432   0.000018   0.010521   0.000000   0.000207   0.000161   0.000733   0.000363   0.011117   0.000012   0.000017   0.000203   0.000680   0.004815   0.000025   0.000146   0.000107   0.000093   0.000225   0.000053   0.001613   0.000285   0.000002   0.000109   0.000000  


ñ   0.000714   0.000006   0.000373   0.000018   0.000026   0.006259   0.000003   0.000001   0.001662   0.000000   0.006404   0.001583   0.000363   0.001153   0.001207   0.001690   0.000070   0.000262   0.017119   0.000439   0.000006   0.000148   0.000009   0.000104   0.000012   0.000000   0.000342   0.003096   0.000001   0.000199   0.000000  


ò   0.007174   0.000086   0.004254   0.000024   0.000501   0.004516   0.000002   0.000019   0.005936   0.000000   0.000891   0.000425   0.000043   0.001575   0.026299   0.000192   0.012804   0.001641   0.000360   0.001989   0.000016   0.000036   0.000341   0.000307   0.000002   0.000001   0.001666   0.006748   0.000001   0.000035   0.000000  


ó   0.000041   0.000863   0.001577   0.001066   0.003504   0.000159   0.001719   0.002387   0.000050   0.000125   0.001521   0.001659   0.002040   0.000587   0.000026   0.000584   0.001229   0.002088   0.003075   0.000007   0.000030   0.000600   0.000017   0.001318   0.001322   0.000548   0.000000   0.000000   0.000062   0.001567   0.000000  


ô   0.000260   0.000000   0.000000   0.000000   0.000000   0.000138   0.000000   0.000000   0.001428   0.000000   0.000001   0.000000   0.000002   0.000001   0.000066   0.000000   0.000065   0.000011   0.000002   0.000142   0.000008   0.000000   0.000000   0.000001   0.000000   0.000000   0.000009   0.000003   0.000000   0.000000   0.000000  


õ   0.001029   0.000000   0.000176   0.000002   0.000000   0.000033   0.000000   0.000000   0.000184   0.000000   0.000000   0.000023   0.000004   0.000069   0.001456   0.000001   0.000046   0.000109   0.000013   0.000052   0.000001   0.000000   0.000000   0.000001   0.000012   0.000000   0.000000   0.000000   0.000000   0.000000   0.000000  


ö   0.000466   0.000000   0.000006   0.000000   0.000001   0.001299   0.000001   0.000000   0.000278   0.000000   0.000229   0.000008   0.000001   0.000002   0.000311   0.000000   0.000000   0.000000   0.000002   0.000208   0.000000   0.000000   0.000000   0.000000   0.000000   0.000000   0.000248   0.000000   0.000000   0.000000   0.000000  


÷   0.003579   0.000000   0.000000   0.000000   0.000000   0.002838   0.000000   0.000000   0.002169   0.000000   0.000357   0.000022   0.000010   0.000827   0.000093   0.000000   0.000025   0.000000   0.000498   0.000215   0.000000   0.000000   0.000000   0.000000   0.000019   0.000000   0.000000   0.000076   0.000000   0.000000   0.000000  


ø   0.001715   0.000000   0.000001   0.000000   0.000000   0.002367   0.000000   0.000000   0.002567   0.000000   0.000435   0.000408   0.000003   0.000553   0.000026   0.000012   0.000002   0.000001   0.000019   0.000256   0.000000   0.000000   0.000002   0.000000   0.000002   0.000000   0.000000   0.000319   0.000000   0.000001   0.000000  


ù   0.000493   0.000000   0.000000   0.000000   0.000000   0.001989   0.000000   0.000000   0.001075   0.000000   0.000000   0.000000   0.000000   0.000011   0.000001   0.000000   0.000008   0.000000   0.000000   0.000142   0.000000   0.000000   0.000000   0.000000   0.000000   0.000000   0.000000   0.000002   0.000000   0.000000   0.000000  


û   0.000000   0.000262   0.002520   0.000224   0.000229   0.002290   0.000056   0.000149   0.000052   0.002572   0.000229   0.007099   0.002841   0.000751   0.000000   0.000289   0.000913   0.002199   0.001862   0.000012   0.000001   0.002077   0.000021   0.000259   0.000708   0.000006   0.000000   0.000000   0.000000   0.000000   0.000000  


ü   0.000000   0.000203   0.000024   0.000093   0.000102   0.003972   0.000001   0.000384   0.000312   0.000001   0.002627   0.000001   0.000881   0.002274   0.000089   0.000002   0.000000   0.001722   0.000163   0.000001   0.000005   0.000000   0.000160   0.000172   0.001391   0.000020   0.000000   0.000000   0.000000   0.000807   0.000000  


ý   0.000000   0.000000   0.000000   0.000001   0.000000   0.000000   0.000000   0.000001   0.000000   0.000007   0.000003   0.000005   0.000004   0.000002   0.000000   0.000000   0.000005   0.000001   0.000173   0.000000   0.000002   0.000001   0.000000   0.000000   0.000000   0.000000   0.000000   0.000000   0.000000   0.000000   0.000000  


þ   0.000000   0.001180   0.000000   0.000000   0.001216   0.000001   0.000008   0.000005   0.000001   0.000000   0.000021   0.000156   0.000030   0.000041   0.000000   0.000006   0.000157   0.000164   0.000698   0.000000   0.000000   0.000008   0.000049   0.000034   0.000209   0.000857   0.000000   0.000000   0.000000   0.000049   0.000000  


ÿ   0.000001   0.000071   0.000297   0.000337   0.000980   0.000138   0.001278   0.003033   0.000000   0.000013   0.000327   0.001132   0.000727   0.000889   0.000000   0.000070   0.000051   0.000910   0.002043   0.000000   0.000000   0.000357   0.000012   0.000076   0.000004   0.000172   0.000000   0.000000   0.000000   0.000194   0.000000  



Entropy = 7.695322
